{
 "cells": [
  {
   "cell_type": "code",
   "execution_count": 1,
   "id": "c2b1cef9-c12c-48cd-bb40-9fe0c0e1073e",
   "metadata": {},
   "outputs": [],
   "source": [
    "import numpy as np\n",
    "import pandas as pd\n"
   ]
  },
  {
   "cell_type": "code",
   "execution_count": 2,
   "id": "d771c254-b165-47b6-94fd-853d772cd5e2",
   "metadata": {},
   "outputs": [
    {
     "data": {
      "text/html": [
       "<div>\n",
       "<style scoped>\n",
       "    .dataframe tbody tr th:only-of-type {\n",
       "        vertical-align: middle;\n",
       "    }\n",
       "\n",
       "    .dataframe tbody tr th {\n",
       "        vertical-align: top;\n",
       "    }\n",
       "\n",
       "    .dataframe thead th {\n",
       "        text-align: right;\n",
       "    }\n",
       "</style>\n",
       "<table border=\"1\" class=\"dataframe\">\n",
       "  <thead>\n",
       "    <tr style=\"text-align: right;\">\n",
       "      <th></th>\n",
       "      <th>date</th>\n",
       "      <th>spx</th>\n",
       "      <th>dax</th>\n",
       "      <th>ftse</th>\n",
       "      <th>nikkei</th>\n",
       "    </tr>\n",
       "  </thead>\n",
       "  <tbody>\n",
       "    <tr>\n",
       "      <th>0</th>\n",
       "      <td>07/01/1994</td>\n",
       "      <td>469.90</td>\n",
       "      <td>2224.95</td>\n",
       "      <td>3445.98</td>\n",
       "      <td>18124.01</td>\n",
       "    </tr>\n",
       "    <tr>\n",
       "      <th>1</th>\n",
       "      <td>10/01/1994</td>\n",
       "      <td>475.27</td>\n",
       "      <td>2225.00</td>\n",
       "      <td>3440.58</td>\n",
       "      <td>18443.44</td>\n",
       "    </tr>\n",
       "    <tr>\n",
       "      <th>2</th>\n",
       "      <td>11/01/1994</td>\n",
       "      <td>474.13</td>\n",
       "      <td>2228.10</td>\n",
       "      <td>3413.77</td>\n",
       "      <td>18485.25</td>\n",
       "    </tr>\n",
       "    <tr>\n",
       "      <th>3</th>\n",
       "      <td>12/01/1994</td>\n",
       "      <td>474.17</td>\n",
       "      <td>2182.06</td>\n",
       "      <td>3372.02</td>\n",
       "      <td>18793.88</td>\n",
       "    </tr>\n",
       "    <tr>\n",
       "      <th>4</th>\n",
       "      <td>13/01/1994</td>\n",
       "      <td>472.47</td>\n",
       "      <td>2142.37</td>\n",
       "      <td>3360.01</td>\n",
       "      <td>18577.26</td>\n",
       "    </tr>\n",
       "  </tbody>\n",
       "</table>\n",
       "</div>"
      ],
      "text/plain": [
       "         date     spx      dax     ftse    nikkei\n",
       "0  07/01/1994  469.90  2224.95  3445.98  18124.01\n",
       "1  10/01/1994  475.27  2225.00  3440.58  18443.44\n",
       "2  11/01/1994  474.13  2228.10  3413.77  18485.25\n",
       "3  12/01/1994  474.17  2182.06  3372.02  18793.88\n",
       "4  13/01/1994  472.47  2142.37  3360.01  18577.26"
      ]
     },
     "execution_count": 2,
     "metadata": {},
     "output_type": "execute_result"
    }
   ],
   "source": [
    "raw_csv_data = pd.read_csv('data/Index2018.csv')\n",
    "index2018_df = raw_csv_data.copy()\n",
    "index2018_df.head()"
   ]
  },
  {
   "cell_type": "code",
   "execution_count": 3,
   "id": "cc26a92d-1dca-4df7-8924-7719cb0b5c09",
   "metadata": {},
   "outputs": [
    {
     "data": {
      "text/html": [
       "<div>\n",
       "<style scoped>\n",
       "    .dataframe tbody tr th:only-of-type {\n",
       "        vertical-align: middle;\n",
       "    }\n",
       "\n",
       "    .dataframe tbody tr th {\n",
       "        vertical-align: top;\n",
       "    }\n",
       "\n",
       "    .dataframe thead th {\n",
       "        text-align: right;\n",
       "    }\n",
       "</style>\n",
       "<table border=\"1\" class=\"dataframe\">\n",
       "  <thead>\n",
       "    <tr style=\"text-align: right;\">\n",
       "      <th></th>\n",
       "      <th>date</th>\n",
       "      <th>spx</th>\n",
       "      <th>dax</th>\n",
       "      <th>ftse</th>\n",
       "      <th>nikkei</th>\n",
       "    </tr>\n",
       "  </thead>\n",
       "  <tbody>\n",
       "    <tr>\n",
       "      <th>0</th>\n",
       "      <td>1994-01-07</td>\n",
       "      <td>469.90</td>\n",
       "      <td>2224.95</td>\n",
       "      <td>3445.98</td>\n",
       "      <td>18124.01</td>\n",
       "    </tr>\n",
       "    <tr>\n",
       "      <th>1</th>\n",
       "      <td>1994-01-10</td>\n",
       "      <td>475.27</td>\n",
       "      <td>2225.00</td>\n",
       "      <td>3440.58</td>\n",
       "      <td>18443.44</td>\n",
       "    </tr>\n",
       "    <tr>\n",
       "      <th>2</th>\n",
       "      <td>1994-01-11</td>\n",
       "      <td>474.13</td>\n",
       "      <td>2228.10</td>\n",
       "      <td>3413.77</td>\n",
       "      <td>18485.25</td>\n",
       "    </tr>\n",
       "    <tr>\n",
       "      <th>3</th>\n",
       "      <td>1994-01-12</td>\n",
       "      <td>474.17</td>\n",
       "      <td>2182.06</td>\n",
       "      <td>3372.02</td>\n",
       "      <td>18793.88</td>\n",
       "    </tr>\n",
       "    <tr>\n",
       "      <th>4</th>\n",
       "      <td>1994-01-13</td>\n",
       "      <td>472.47</td>\n",
       "      <td>2142.37</td>\n",
       "      <td>3360.01</td>\n",
       "      <td>18577.26</td>\n",
       "    </tr>\n",
       "  </tbody>\n",
       "</table>\n",
       "</div>"
      ],
      "text/plain": [
       "        date     spx      dax     ftse    nikkei\n",
       "0 1994-01-07  469.90  2224.95  3445.98  18124.01\n",
       "1 1994-01-10  475.27  2225.00  3440.58  18443.44\n",
       "2 1994-01-11  474.13  2228.10  3413.77  18485.25\n",
       "3 1994-01-12  474.17  2182.06  3372.02  18793.88\n",
       "4 1994-01-13  472.47  2142.37  3360.01  18577.26"
      ]
     },
     "execution_count": 3,
     "metadata": {},
     "output_type": "execute_result"
    }
   ],
   "source": [
    "index2018_df['date'] = pd.to_datetime(index2018_df['date'], dayfirst= True)\n",
    "index2018_df.head()"
   ]
  },
  {
   "cell_type": "code",
   "execution_count": 4,
   "id": "bd012af5-1195-433e-8f3a-5dd3f87b469c",
   "metadata": {},
   "outputs": [
    {
     "name": "stderr",
     "output_type": "stream",
     "text": [
      "/var/folders/xl/w9y4tjx938vdwtkgzwxsxx8m0000gp/T/ipykernel_47531/4039667188.py:1: FutureWarning: Treating datetime data as categorical rather than numeric in `.describe` is deprecated and will be removed in a future version of pandas. Specify `datetime_is_numeric=True` to silence this warning and adopt the future behavior now.\n",
      "  index2018_df.date.describe() # datetime_is_numeric=True\n"
     ]
    },
    {
     "data": {
      "text/plain": [
       "count                    6269\n",
       "unique                   6269\n",
       "top       1994-01-07 00:00:00\n",
       "freq                        1\n",
       "first     1994-01-07 00:00:00\n",
       "last      2018-01-29 00:00:00\n",
       "Name: date, dtype: object"
      ]
     },
     "execution_count": 4,
     "metadata": {},
     "output_type": "execute_result"
    }
   ],
   "source": [
    "index2018_df.date.describe() # datetime_is_numeric=True"
   ]
  },
  {
   "cell_type": "markdown",
   "id": "112fb666-d9d1-487e-89c9-b73e050a9404",
   "metadata": {},
   "source": [
    "## setting the index"
   ]
  },
  {
   "cell_type": "code",
   "execution_count": 5,
   "id": "1bd699ac-b212-42f7-95c7-0f652d195b99",
   "metadata": {},
   "outputs": [
    {
     "data": {
      "text/html": [
       "<div>\n",
       "<style scoped>\n",
       "    .dataframe tbody tr th:only-of-type {\n",
       "        vertical-align: middle;\n",
       "    }\n",
       "\n",
       "    .dataframe tbody tr th {\n",
       "        vertical-align: top;\n",
       "    }\n",
       "\n",
       "    .dataframe thead th {\n",
       "        text-align: right;\n",
       "    }\n",
       "</style>\n",
       "<table border=\"1\" class=\"dataframe\">\n",
       "  <thead>\n",
       "    <tr style=\"text-align: right;\">\n",
       "      <th></th>\n",
       "      <th>spx</th>\n",
       "      <th>dax</th>\n",
       "      <th>ftse</th>\n",
       "      <th>nikkei</th>\n",
       "    </tr>\n",
       "    <tr>\n",
       "      <th>date</th>\n",
       "      <th></th>\n",
       "      <th></th>\n",
       "      <th></th>\n",
       "      <th></th>\n",
       "    </tr>\n",
       "  </thead>\n",
       "  <tbody>\n",
       "    <tr>\n",
       "      <th>1994-01-07</th>\n",
       "      <td>469.90</td>\n",
       "      <td>2224.95</td>\n",
       "      <td>3445.98</td>\n",
       "      <td>18124.01</td>\n",
       "    </tr>\n",
       "    <tr>\n",
       "      <th>1994-01-10</th>\n",
       "      <td>475.27</td>\n",
       "      <td>2225.00</td>\n",
       "      <td>3440.58</td>\n",
       "      <td>18443.44</td>\n",
       "    </tr>\n",
       "    <tr>\n",
       "      <th>1994-01-11</th>\n",
       "      <td>474.13</td>\n",
       "      <td>2228.10</td>\n",
       "      <td>3413.77</td>\n",
       "      <td>18485.25</td>\n",
       "    </tr>\n",
       "    <tr>\n",
       "      <th>1994-01-12</th>\n",
       "      <td>474.17</td>\n",
       "      <td>2182.06</td>\n",
       "      <td>3372.02</td>\n",
       "      <td>18793.88</td>\n",
       "    </tr>\n",
       "    <tr>\n",
       "      <th>1994-01-13</th>\n",
       "      <td>472.47</td>\n",
       "      <td>2142.37</td>\n",
       "      <td>3360.01</td>\n",
       "      <td>18577.26</td>\n",
       "    </tr>\n",
       "  </tbody>\n",
       "</table>\n",
       "</div>"
      ],
      "text/plain": [
       "               spx      dax     ftse    nikkei\n",
       "date                                          \n",
       "1994-01-07  469.90  2224.95  3445.98  18124.01\n",
       "1994-01-10  475.27  2225.00  3440.58  18443.44\n",
       "1994-01-11  474.13  2228.10  3413.77  18485.25\n",
       "1994-01-12  474.17  2182.06  3372.02  18793.88\n",
       "1994-01-13  472.47  2142.37  3360.01  18577.26"
      ]
     },
     "execution_count": 5,
     "metadata": {},
     "output_type": "execute_result"
    }
   ],
   "source": [
    "index2018_df.set_index('date', inplace=True)\n",
    "index2018_df.head()"
   ]
  },
  {
   "cell_type": "code",
   "execution_count": 11,
   "id": "8bd0cf85-1f04-43d6-a5cd-005c52b485e1",
   "metadata": {},
   "outputs": [
    {
     "data": {
      "text/html": [
       "<div>\n",
       "<style scoped>\n",
       "    .dataframe tbody tr th:only-of-type {\n",
       "        vertical-align: middle;\n",
       "    }\n",
       "\n",
       "    .dataframe tbody tr th {\n",
       "        vertical-align: top;\n",
       "    }\n",
       "\n",
       "    .dataframe thead th {\n",
       "        text-align: right;\n",
       "    }\n",
       "</style>\n",
       "<table border=\"1\" class=\"dataframe\">\n",
       "  <thead>\n",
       "    <tr style=\"text-align: right;\">\n",
       "      <th></th>\n",
       "      <th>spx</th>\n",
       "      <th>dax</th>\n",
       "      <th>ftse</th>\n",
       "      <th>nikkei</th>\n",
       "    </tr>\n",
       "    <tr>\n",
       "      <th>date</th>\n",
       "      <th></th>\n",
       "      <th></th>\n",
       "      <th></th>\n",
       "      <th></th>\n",
       "    </tr>\n",
       "  </thead>\n",
       "  <tbody>\n",
       "    <tr>\n",
       "      <th>1994-01-07</th>\n",
       "      <td>469.900000</td>\n",
       "      <td>2224.95</td>\n",
       "      <td>3445.980000</td>\n",
       "      <td>18124.01</td>\n",
       "    </tr>\n",
       "    <tr>\n",
       "      <th>1994-01-08</th>\n",
       "      <td>NaN</td>\n",
       "      <td>NaN</td>\n",
       "      <td>NaN</td>\n",
       "      <td>NaN</td>\n",
       "    </tr>\n",
       "    <tr>\n",
       "      <th>1994-01-09</th>\n",
       "      <td>NaN</td>\n",
       "      <td>NaN</td>\n",
       "      <td>NaN</td>\n",
       "      <td>NaN</td>\n",
       "    </tr>\n",
       "    <tr>\n",
       "      <th>1994-01-10</th>\n",
       "      <td>475.270000</td>\n",
       "      <td>2225.00</td>\n",
       "      <td>3440.580000</td>\n",
       "      <td>18443.44</td>\n",
       "    </tr>\n",
       "    <tr>\n",
       "      <th>1994-01-11</th>\n",
       "      <td>474.130000</td>\n",
       "      <td>2228.10</td>\n",
       "      <td>3413.770000</td>\n",
       "      <td>18485.25</td>\n",
       "    </tr>\n",
       "    <tr>\n",
       "      <th>...</th>\n",
       "      <td>...</td>\n",
       "      <td>...</td>\n",
       "      <td>...</td>\n",
       "      <td>...</td>\n",
       "    </tr>\n",
       "    <tr>\n",
       "      <th>2018-01-25</th>\n",
       "      <td>2839.253031</td>\n",
       "      <td>13298.36</td>\n",
       "      <td>7615.839954</td>\n",
       "      <td>23669.49</td>\n",
       "    </tr>\n",
       "    <tr>\n",
       "      <th>2018-01-26</th>\n",
       "      <td>2872.867839</td>\n",
       "      <td>13340.17</td>\n",
       "      <td>7665.541292</td>\n",
       "      <td>23631.88</td>\n",
       "    </tr>\n",
       "    <tr>\n",
       "      <th>2018-01-27</th>\n",
       "      <td>NaN</td>\n",
       "      <td>NaN</td>\n",
       "      <td>NaN</td>\n",
       "      <td>NaN</td>\n",
       "    </tr>\n",
       "    <tr>\n",
       "      <th>2018-01-28</th>\n",
       "      <td>NaN</td>\n",
       "      <td>NaN</td>\n",
       "      <td>NaN</td>\n",
       "      <td>NaN</td>\n",
       "    </tr>\n",
       "    <tr>\n",
       "      <th>2018-01-29</th>\n",
       "      <td>2853.528411</td>\n",
       "      <td>13324.48</td>\n",
       "      <td>7671.533300</td>\n",
       "      <td>23629.34</td>\n",
       "    </tr>\n",
       "  </tbody>\n",
       "</table>\n",
       "<p>8789 rows × 4 columns</p>\n",
       "</div>"
      ],
      "text/plain": [
       "                    spx       dax         ftse    nikkei\n",
       "date                                                    \n",
       "1994-01-07   469.900000   2224.95  3445.980000  18124.01\n",
       "1994-01-08          NaN       NaN          NaN       NaN\n",
       "1994-01-09          NaN       NaN          NaN       NaN\n",
       "1994-01-10   475.270000   2225.00  3440.580000  18443.44\n",
       "1994-01-11   474.130000   2228.10  3413.770000  18485.25\n",
       "...                 ...       ...          ...       ...\n",
       "2018-01-25  2839.253031  13298.36  7615.839954  23669.49\n",
       "2018-01-26  2872.867839  13340.17  7665.541292  23631.88\n",
       "2018-01-27          NaN       NaN          NaN       NaN\n",
       "2018-01-28          NaN       NaN          NaN       NaN\n",
       "2018-01-29  2853.528411  13324.48  7671.533300  23629.34\n",
       "\n",
       "[8789 rows x 4 columns]"
      ]
     },
     "execution_count": 11,
     "metadata": {},
     "output_type": "execute_result"
    }
   ],
   "source": [
    "index2018_df.asfreq('d')"
   ]
  },
  {
   "cell_type": "code",
   "execution_count": null,
   "id": "97b4d41f-f393-4539-935f-2331fe57feed",
   "metadata": {},
   "outputs": [],
   "source": []
  }
 ],
 "metadata": {
  "kernelspec": {
   "display_name": "Python 3 (ipykernel)",
   "language": "python",
   "name": "python3"
  },
  "language_info": {
   "codemirror_mode": {
    "name": "ipython",
    "version": 3
   },
   "file_extension": ".py",
   "mimetype": "text/x-python",
   "name": "python",
   "nbconvert_exporter": "python",
   "pygments_lexer": "ipython3",
   "version": "3.8.8"
  }
 },
 "nbformat": 4,
 "nbformat_minor": 5
}
