{
 "cells": [
  {
   "cell_type": "code",
   "execution_count": 1,
   "id": "f471345c",
   "metadata": {},
   "outputs": [],
   "source": [
    "from flaml import AutoML\n",
    "from sklearn.datasets import load_iris"
   ]
  },
  {
   "cell_type": "code",
   "execution_count": 2,
   "id": "0fbb9224",
   "metadata": {
    "scrolled": false
   },
   "outputs": [
    {
     "name": "stdout",
     "output_type": "stream",
     "text": [
      "[flaml.automl.logger: 07-06 20:45:32] {1693} INFO - task = classification\n",
      "[flaml.automl.logger: 07-06 20:45:32] {1700} INFO - Data split method: stratified\n",
      "[flaml.automl.logger: 07-06 20:45:32] {1703} INFO - Evaluation method: cv\n",
      "[flaml.automl.logger: 07-06 20:45:32] {1801} INFO - Minimizing error metric: 1-accuracy\n",
      "[flaml.automl.logger: 07-06 20:45:32] {1823} WARNING - No search budget is provided via time_budget or max_iter. Training only one model per estimator. Zero-shot AutoML is used for certain tasks and estimators. To tune hyperparameters for each estimator, please provide budget either via time_budget or max_iter.\n",
      "[flaml.automl.logger: 07-06 20:45:32] {1911} INFO - List of ML learners in AutoML Run: ['rf', 'lgbm', 'xgboost', 'extra_tree', 'xgb_limitdepth', 'lrl1']\n",
      "[flaml.automl.logger: 07-06 20:45:32] {2221} INFO - iteration 0, current learner rf\n",
      "[flaml.automl.logger: 07-06 20:45:38] {2347} INFO - Estimated sufficient time budget=10000s. Estimated necessary time budget=10s.\n",
      "[flaml.automl.logger: 07-06 20:45:38] {2394} INFO -  at 6.0s,\testimator rf's best error=0.0533,\tbest estimator rf's best error=0.0533\n",
      "[flaml.automl.logger: 07-06 20:45:38] {2221} INFO - iteration 1, current learner lgbm\n",
      "[flaml.automl.logger: 07-06 20:45:44] {2394} INFO -  at 12.2s,\testimator lgbm's best error=0.0333,\tbest estimator lgbm's best error=0.0333\n",
      "[flaml.automl.logger: 07-06 20:45:44] {2221} INFO - iteration 2, current learner xgboost\n"
     ]
    },
    {
     "name": "stderr",
     "output_type": "stream",
     "text": [
      "C:\\Users\\okmic\\.conda\\envs\\flaml_env\\lib\\site-packages\\xgboost\\sklearn.py:1395: UserWarning: `use_label_encoder` is deprecated in 1.7.0.\n",
      "  warnings.warn(\"`use_label_encoder` is deprecated in 1.7.0.\")\n",
      "C:\\Users\\okmic\\.conda\\envs\\flaml_env\\lib\\site-packages\\xgboost\\sklearn.py:1395: UserWarning: `use_label_encoder` is deprecated in 1.7.0.\n",
      "  warnings.warn(\"`use_label_encoder` is deprecated in 1.7.0.\")\n",
      "C:\\Users\\okmic\\.conda\\envs\\flaml_env\\lib\\site-packages\\xgboost\\sklearn.py:1395: UserWarning: `use_label_encoder` is deprecated in 1.7.0.\n",
      "  warnings.warn(\"`use_label_encoder` is deprecated in 1.7.0.\")\n",
      "C:\\Users\\okmic\\.conda\\envs\\flaml_env\\lib\\site-packages\\xgboost\\sklearn.py:1395: UserWarning: `use_label_encoder` is deprecated in 1.7.0.\n",
      "  warnings.warn(\"`use_label_encoder` is deprecated in 1.7.0.\")\n",
      "C:\\Users\\okmic\\.conda\\envs\\flaml_env\\lib\\site-packages\\xgboost\\sklearn.py:1395: UserWarning: `use_label_encoder` is deprecated in 1.7.0.\n",
      "  warnings.warn(\"`use_label_encoder` is deprecated in 1.7.0.\")\n"
     ]
    },
    {
     "name": "stdout",
     "output_type": "stream",
     "text": [
      "[flaml.automl.logger: 07-06 20:48:46] {2394} INFO -  at 193.8s,\testimator xgboost's best error=0.0667,\tbest estimator lgbm's best error=0.0333\n",
      "[flaml.automl.logger: 07-06 20:48:46] {2221} INFO - iteration 3, current learner extra_tree\n",
      "[flaml.automl.logger: 07-06 20:49:02] {2394} INFO -  at 210.1s,\testimator extra_tree's best error=0.0467,\tbest estimator lgbm's best error=0.0333\n",
      "[flaml.automl.logger: 07-06 20:49:02] {2221} INFO - iteration 4, current learner xgb_limitdepth\n"
     ]
    },
    {
     "name": "stderr",
     "output_type": "stream",
     "text": [
      "C:\\Users\\okmic\\.conda\\envs\\flaml_env\\lib\\site-packages\\xgboost\\sklearn.py:1395: UserWarning: `use_label_encoder` is deprecated in 1.7.0.\n",
      "  warnings.warn(\"`use_label_encoder` is deprecated in 1.7.0.\")\n",
      "C:\\Users\\okmic\\.conda\\envs\\flaml_env\\lib\\site-packages\\xgboost\\sklearn.py:1395: UserWarning: `use_label_encoder` is deprecated in 1.7.0.\n",
      "  warnings.warn(\"`use_label_encoder` is deprecated in 1.7.0.\")\n",
      "C:\\Users\\okmic\\.conda\\envs\\flaml_env\\lib\\site-packages\\xgboost\\sklearn.py:1395: UserWarning: `use_label_encoder` is deprecated in 1.7.0.\n",
      "  warnings.warn(\"`use_label_encoder` is deprecated in 1.7.0.\")\n",
      "C:\\Users\\okmic\\.conda\\envs\\flaml_env\\lib\\site-packages\\xgboost\\sklearn.py:1395: UserWarning: `use_label_encoder` is deprecated in 1.7.0.\n",
      "  warnings.warn(\"`use_label_encoder` is deprecated in 1.7.0.\")\n",
      "C:\\Users\\okmic\\.conda\\envs\\flaml_env\\lib\\site-packages\\xgboost\\sklearn.py:1395: UserWarning: `use_label_encoder` is deprecated in 1.7.0.\n",
      "  warnings.warn(\"`use_label_encoder` is deprecated in 1.7.0.\")\n"
     ]
    },
    {
     "name": "stdout",
     "output_type": "stream",
     "text": [
      "[flaml.automl.logger: 07-06 20:49:12] {2394} INFO -  at 220.4s,\testimator xgb_limitdepth's best error=0.0600,\tbest estimator lgbm's best error=0.0333\n",
      "[flaml.automl.logger: 07-06 20:49:12] {2221} INFO - iteration 5, current learner lrl1\n",
      "[flaml.automl.logger: 07-06 20:49:12] {2394} INFO -  at 220.6s,\testimator lrl1's best error=0.0200,\tbest estimator lrl1's best error=0.0200\n",
      "[flaml.automl.logger: 07-06 20:49:12] {2630} INFO - retrain lrl1 for 0.0s\n",
      "[flaml.automl.logger: 07-06 20:49:12] {2633} INFO - retrained model: LogisticRegression(n_jobs=-1, penalty='l1', solver='saga')\n",
      "[flaml.automl.logger: 07-06 20:49:12] {1941} INFO - fit succeeded\n",
      "[flaml.automl.logger: 07-06 20:49:12] {1942} INFO - Time taken to find the best model: 220.58378410339355\n"
     ]
    },
    {
     "name": "stderr",
     "output_type": "stream",
     "text": [
      "C:\\Users\\okmic\\.conda\\envs\\flaml_env\\lib\\site-packages\\sklearn\\linear_model\\_sag.py:350: ConvergenceWarning: The max_iter was reached which means the coef_ did not converge\n",
      "  warnings.warn(\n",
      "C:\\Users\\okmic\\.conda\\envs\\flaml_env\\lib\\site-packages\\sklearn\\linear_model\\_sag.py:350: ConvergenceWarning: The max_iter was reached which means the coef_ did not converge\n",
      "  warnings.warn(\n",
      "C:\\Users\\okmic\\.conda\\envs\\flaml_env\\lib\\site-packages\\sklearn\\linear_model\\_sag.py:350: ConvergenceWarning: The max_iter was reached which means the coef_ did not converge\n",
      "  warnings.warn(\n",
      "C:\\Users\\okmic\\.conda\\envs\\flaml_env\\lib\\site-packages\\sklearn\\linear_model\\_sag.py:350: ConvergenceWarning: The max_iter was reached which means the coef_ did not converge\n",
      "  warnings.warn(\n",
      "C:\\Users\\okmic\\.conda\\envs\\flaml_env\\lib\\site-packages\\sklearn\\linear_model\\_sag.py:350: ConvergenceWarning: The max_iter was reached which means the coef_ did not converge\n",
      "  warnings.warn(\n",
      "C:\\Users\\okmic\\.conda\\envs\\flaml_env\\lib\\site-packages\\sklearn\\linear_model\\_sag.py:350: ConvergenceWarning: The max_iter was reached which means the coef_ did not converge\n",
      "  warnings.warn(\n"
     ]
    }
   ],
   "source": [
    "# Initialize an AutoML instance\n",
    "automl = AutoML()\n",
    "# Specify automl goal and constraint\n",
    "automl_settings = {\n",
    "#     \"time_budget\": 1,  # in seconds\n",
    "    \"metric\": 'accuracy',\n",
    "    \"task\": 'classification',\n",
    "    \"log_file_name\": \"iris.log\",\n",
    "}\n",
    "X_train, y_train = load_iris(return_X_y=True)\n",
    "# Train with labeled input data\n",
    "automl.fit(X_train=X_train, y_train=y_train,\n",
    "           **automl_settings)"
   ]
  },
  {
   "cell_type": "code",
   "execution_count": 3,
   "id": "e5b6ec1c",
   "metadata": {},
   "outputs": [
    {
     "name": "stdout",
     "output_type": "stream",
     "text": [
      "[[9.90392037e-01 9.60795750e-03 5.20259788e-09]\n",
      " [9.70920342e-01 2.90796022e-02 5.55786226e-08]\n",
      " [9.84480232e-01 1.55197452e-02 2.26510056e-08]\n",
      " [9.65252300e-01 3.47475677e-02 1.32717783e-07]\n",
      " [9.91931023e-01 8.06897276e-03 4.43119709e-09]\n",
      " [9.91384788e-01 8.61520598e-03 6.41230796e-09]\n",
      " [9.86097659e-01 1.39023077e-02 3.29786460e-08]\n",
      " [9.83686981e-01 1.63130014e-02 1.71625253e-08]\n",
      " [9.57735209e-01 4.22645419e-02 2.49382571e-07]\n",
      " [9.68208105e-01 3.17918462e-02 4.83606589e-08]\n",
      " [9.92418324e-01 7.58167407e-03 2.19712635e-09]\n",
      " [9.76781136e-01 2.32188162e-02 4.81347974e-08]\n",
      " [9.69503894e-01 3.04960566e-02 4.96810675e-08]\n",
      " [9.84505190e-01 1.54947829e-02 2.67406464e-08]\n",
      " [9.98525774e-01 1.47422617e-03 4.81576861e-11]\n",
      " [9.98479560e-01 1.52044002e-03 1.46112197e-10]\n",
      " [9.97278376e-01 2.72162302e-03 6.15463022e-10]\n",
      " [9.90522241e-01 9.47775216e-03 7.28250278e-09]\n",
      " [9.90302749e-01 9.69724738e-03 3.42822521e-09]\n",
      " [9.93265908e-01 6.73408804e-03 4.10862542e-09]\n",
      " [9.74942571e-01 2.50574062e-02 2.23467628e-08]\n",
      " [9.91806837e-01 8.19315456e-03 8.45970932e-09]\n",
      " [9.97067248e-01 2.93275089e-03 1.04727189e-09]\n",
      " [9.67246254e-01 3.27535696e-02 1.76131912e-07]\n",
      " [9.46375017e-01 5.36247109e-02 2.71653354e-07]\n",
      " [9.50936653e-01 4.90632060e-02 1.40652856e-07]\n",
      " [9.78903738e-01 2.10962015e-02 6.01959825e-08]\n",
      " [9.87644190e-01 1.23558026e-02 7.45057487e-09]\n",
      " [9.88562908e-01 1.14370864e-02 6.10648025e-09]\n",
      " [9.63782613e-01 3.62172573e-02 1.29166382e-07]\n",
      " [9.57107073e-01 4.28927760e-02 1.50835809e-07]\n",
      " [9.86182068e-01 1.38179183e-02 1.36774779e-08]\n",
      " [9.96444140e-01 3.55585944e-03 5.25139667e-10]\n",
      " [9.98084817e-01 1.91518329e-03 1.41201886e-10]\n",
      " [9.68629402e-01 3.13705306e-02 6.77149326e-08]\n",
      " [9.89494447e-01 1.05055462e-02 6.43332867e-09]\n",
      " [9.93732207e-01 6.26779149e-03 1.17734539e-09]\n",
      " [9.91529058e-01 8.47093772e-03 3.96517375e-09]\n",
      " [9.73954984e-01 2.60449201e-02 9.56684799e-08]\n",
      " [9.84243011e-01 1.57569748e-02 1.37058544e-08]\n",
      " [9.92634802e-01 7.36519249e-03 5.08194284e-09]\n",
      " [8.99439276e-01 1.00559237e-01 1.48710888e-06]\n",
      " [9.82779173e-01 1.72207823e-02 4.44731510e-08]\n",
      " [9.83312220e-01 1.66876997e-02 8.03954658e-08]\n",
      " [9.79150625e-01 2.08493153e-02 5.94114828e-08]\n",
      " [9.70307995e-01 2.96919078e-02 9.73996926e-08]\n",
      " [9.90901293e-01 9.09870186e-03 5.26932210e-09]\n",
      " [9.78651561e-01 2.13483881e-02 5.07604788e-08]\n",
      " [9.92148482e-01 7.85151487e-03 2.75205697e-09]\n",
      " [9.84895438e-01 1.51045475e-02 1.40705725e-08]\n",
      " [8.58485368e-03 9.61986685e-01 2.94284615e-02]\n",
      " [1.20113228e-02 9.19130033e-01 6.88586444e-02]\n",
      " [3.54542361e-03 8.94803054e-01 1.01651522e-01]\n",
      " [4.76663982e-03 8.11147385e-01 1.84085975e-01]\n",
      " [3.70892114e-03 8.52422007e-01 1.43869072e-01]\n",
      " [3.30805130e-03 7.75610276e-01 2.21081673e-01]\n",
      " [7.35169480e-03 8.30251247e-01 1.62397058e-01]\n",
      " [4.00428908e-02 9.35697918e-01 2.42591909e-02]\n",
      " [5.09307841e-03 9.40270898e-01 5.46360235e-02]\n",
      " [1.36045333e-02 8.15793478e-01 1.70601989e-01]\n",
      " [9.79159402e-03 9.17989128e-01 7.22192777e-02]\n",
      " [1.51452588e-02 8.84959480e-01 9.98952615e-02]\n",
      " [5.22420100e-03 9.59659407e-01 3.51163920e-02]\n",
      " [2.67004897e-03 7.74629886e-01 2.22700065e-01]\n",
      " [6.32821394e-02 9.18520082e-01 1.81977785e-02]\n",
      " [1.48689148e-02 9.59775158e-01 2.53559275e-02]\n",
      " [4.32181919e-03 6.69100747e-01 3.26577434e-01]\n",
      " [1.04986226e-02 9.60787630e-01 2.87137474e-02]\n",
      " [8.97354114e-04 6.09956597e-01 3.89146049e-01]\n",
      " [1.13814099e-02 9.42762961e-01 4.58556290e-02]\n",
      " [2.03080844e-03 4.23933521e-01 5.74035670e-01]\n",
      " [1.98767277e-02 9.51536822e-01 2.85864506e-02]\n",
      " [4.45708551e-04 4.93981429e-01 5.05572863e-01]\n",
      " [2.31404170e-03 8.52521700e-01 1.45164258e-01]\n",
      " [1.14947928e-02 9.55273632e-01 3.32315752e-02]\n",
      " [1.15274038e-02 9.52185999e-01 3.62865968e-02]\n",
      " [2.37693665e-03 8.89188945e-01 1.08434118e-01]\n",
      " [1.49370287e-03 6.49407608e-01 3.49098689e-01]\n",
      " [4.71059701e-03 7.82471780e-01 2.12817623e-01]\n",
      " [4.59584879e-02 9.47203058e-01 6.83845430e-03]\n",
      " [1.18364663e-02 9.39237893e-01 4.89256408e-02]\n",
      " [1.59065171e-02 9.57984521e-01 2.61089620e-02]\n",
      " [1.90309272e-02 9.49474854e-01 3.14942183e-02]\n",
      " [1.64508745e-04 2.33724310e-01 7.66111181e-01]\n",
      " [3.49960172e-03 5.81375119e-01 4.15125279e-01]\n",
      " [1.49137806e-02 8.49238419e-01 1.35847801e-01]\n",
      " [6.00003638e-03 9.10584352e-01 8.34156114e-02]\n",
      " [2.09909732e-03 8.57986127e-01 1.39914776e-01]\n",
      " [1.82953669e-02 9.14365499e-01 6.73391343e-02]\n",
      " [7.67469554e-03 8.55778516e-01 1.36546788e-01]\n",
      " [2.61207597e-03 7.61179505e-01 2.36208419e-01]\n",
      " [4.80151433e-03 8.44124847e-01 1.51073639e-01]\n",
      " [1.14000117e-02 9.38588838e-01 5.00111498e-02]\n",
      " [3.38067843e-02 9.42109235e-01 2.40839811e-02]\n",
      " [6.75465012e-03 8.50188733e-01 1.43056617e-01]\n",
      " [1.42610764e-02 9.31880758e-01 5.38581653e-02]\n",
      " [1.13113395e-02 9.00601906e-01 8.80867541e-02]\n",
      " [1.05582639e-02 9.41525436e-01 4.79163001e-02]\n",
      " [1.19661915e-01 8.72806520e-01 7.53156503e-03]\n",
      " [1.23445418e-02 9.08938388e-01 7.87170704e-02]\n",
      " [1.05571190e-06 4.54266426e-03 9.95456280e-01]\n",
      " [4.64978618e-05 6.80161944e-02 9.31937308e-01]\n",
      " [1.30264035e-05 6.30517693e-02 9.36935204e-01]\n",
      " [2.28513522e-05 7.91989491e-02 9.20778200e-01]\n",
      " [4.52806161e-06 1.99934617e-02 9.80002010e-01]\n",
      " [6.88231242e-07 2.12004766e-02 9.78798835e-01]\n",
      " [1.80645323e-04 1.00184188e-01 8.99635167e-01]\n",
      " [3.61597331e-06 6.68711782e-02 9.33125206e-01]\n",
      " [3.81780376e-06 4.77612482e-02 9.52234934e-01]\n",
      " [1.38987156e-05 3.08570208e-02 9.69129080e-01]\n",
      " [8.15273800e-04 3.19438194e-01 6.79746532e-01]\n",
      " [5.29457520e-05 1.11860742e-01 8.88086312e-01]\n",
      " [6.58401917e-05 1.11242653e-01 8.88691507e-01]\n",
      " [2.26712617e-05 3.87090861e-02 9.61268243e-01]\n",
      " [1.34833216e-05 1.49028232e-02 9.85083693e-01]\n",
      " [1.00322967e-04 6.97184380e-02 9.30181239e-01]\n",
      " [8.59011137e-05 1.68130631e-01 8.31783468e-01]\n",
      " [7.35371176e-06 5.31168965e-02 9.46875750e-01]\n",
      " [1.63435850e-08 2.62494251e-03 9.97375041e-01]\n",
      " [6.27321676e-05 1.94626995e-01 8.05310273e-01]\n",
      " [3.00027220e-05 5.56656827e-02 9.44304315e-01]\n",
      " [1.00648211e-04 7.06831603e-02 9.29216191e-01]\n",
      " [3.09694350e-07 1.90353587e-02 9.80964332e-01]\n",
      " [4.69368206e-04 3.27067704e-01 6.72462928e-01]\n",
      " [5.32563577e-05 8.82232937e-02 9.11723450e-01]\n",
      " [4.62530388e-05 1.97160892e-01 8.02792855e-01]\n",
      " [8.96415146e-04 3.92096585e-01 6.07006999e-01]\n",
      " [9.08381266e-04 3.60266801e-01 6.38824818e-01]\n",
      " [7.46981343e-06 2.96248375e-02 9.70367693e-01]\n",
      " [1.03206999e-04 3.86755570e-01 6.13141223e-01]\n",
      " [6.97444956e-06 8.50201981e-02 9.14972827e-01]\n",
      " [9.90835334e-05 2.87621552e-01 7.12279365e-01]\n",
      " [5.38422496e-06 2.10613692e-02 9.78933247e-01]\n",
      " [4.54898538e-04 4.77198756e-01 5.22346346e-01]\n",
      " [1.66315162e-05 1.23215216e-01 8.76768153e-01]\n",
      " [8.01827489e-06 5.45324851e-02 9.45459497e-01]\n",
      " [2.23509640e-05 2.47878491e-02 9.75189800e-01]\n",
      " [1.01248275e-04 1.66168433e-01 8.33730319e-01]\n",
      " [1.25273421e-03 3.85272932e-01 6.13474334e-01]\n",
      " [1.97888858e-04 1.95590869e-01 8.04211242e-01]\n",
      " [1.71115858e-05 3.10733349e-02 9.68909554e-01]\n",
      " [5.64638408e-04 2.27757733e-01 7.71677629e-01]\n",
      " [4.64978618e-05 6.80161944e-02 9.31937308e-01]\n",
      " [7.62813872e-06 2.61612106e-02 9.73831161e-01]\n",
      " [1.48677627e-05 2.33091351e-02 9.76675997e-01]\n",
      " [1.56190168e-04 1.11561893e-01 8.88281917e-01]\n",
      " [1.08300144e-04 1.51743601e-01 8.48148099e-01]\n",
      " [2.46542148e-04 1.96931281e-01 8.02822177e-01]\n",
      " [7.86260821e-05 5.13206989e-02 9.48600675e-01]\n",
      " [2.30714965e-04 1.75206680e-01 8.24562605e-01]]\n",
      "LogisticRegression(n_jobs=-1, penalty='l1', solver='saga')\n"
     ]
    }
   ],
   "source": [
    "# Predict\n",
    "print(automl.predict_proba(X_train))\n",
    "# Print the best model\n",
    "print(automl.model.estimator)"
   ]
  },
  {
   "cell_type": "code",
   "execution_count": null,
   "id": "cac7982f",
   "metadata": {},
   "outputs": [],
   "source": []
  }
 ],
 "metadata": {
  "kernelspec": {
   "display_name": "Python 3 (ipykernel)",
   "language": "python",
   "name": "python3"
  },
  "language_info": {
   "codemirror_mode": {
    "name": "ipython",
    "version": 3
   },
   "file_extension": ".py",
   "mimetype": "text/x-python",
   "name": "python",
   "nbconvert_exporter": "python",
   "pygments_lexer": "ipython3",
   "version": "3.10.12"
  }
 },
 "nbformat": 4,
 "nbformat_minor": 5
}
